0.000000 0.000000 0.000000 0.000000 0.000000 0.000000 0.000000 0.000000 0.000000 0.000000 0.000000 0.000000 0.000000 0.000000 0.000000 0.000000 0.000000 0.000000 0.000000 0.000000 0.000000 0.000000 0.000000 0.000000 0.000000 0.000000 0.000000 0.000000 0.000000 0.000000 0.000000 0.000000 0.000000 0.000000 0.000000 0.000000 0.000000 0.000000 0.000000 0.000000 
0.000000 0.000000 0.000000 0.000000 0.000000 0.000000 0.000000 0.000000 0.000000 0.000000 0.000000 0.000000 0.000000 0.000000 0.000000 0.000000 0.000000 0.000000 0.000000 0.000000 0.000000 0.000000 0.000000 0.000000 0.000000 0.000000 0.000000 0.000000 0.000000 0.000000 0.000000 0.000000 0.000000 0.000000 0.000000 0.000000 0.000000 0.000000 0.000000 0.000000 
0.000000 0.000000 0.000000 0.000000 0.000000 0.000000 0.000000 0.000000 0.000000 0.000000 0.000000 0.000000 0.000000 0.000000 0.000000 0.000000 0.000000 0.000000 0.000000 0.000000 0.000000 0.000000 0.000000 0.000000 0.000000 0.000000 0.000000 0.000000 0.000000 0.000000 0.000000 0.000000 0.000000 0.000000 0.000000 0.000000 0.000000 0.000000 0.000000 0.000000 
0.000000 0.000000 0.000000 0.000000 0.000000 0.000000 0.000000 0.000000 0.000000 0.000000 0.000000 0.000000 0.000000 0.000000 0.000000 0.000000 0.000000 0.000000 0.000000 0.000000 0.000000 0.000000 0.000000 0.000000 0.000000 0.000000 0.000000 0.000000 0.000000 0.000000 0.000000 0.000000 0.000000 0.000000 0.000000 0.000000 0.000000 0.000000 0.000000 0.000000 
0.000000 0.000000 0.000000 0.000000 0.000000 0.000000 0.000000 0.000000 0.000000 0.000000 0.000000 0.000000 0.000000 0.000000 0.000000 0.000000 0.000000 0.000000 0.000000 0.000000 0.000000 0.000000 0.000000 0.000000 0.000000 0.000000 0.000000 0.000000 0.000000 0.000000 0.000000 0.000000 0.000000 0.000000 0.000000 0.000000 0.000000 0.000000 0.000000 0.000000 
0.000000 0.000000 0.000000 0.000000 0.000000 0.000000 0.000000 0.000000 0.000000 0.000000 0.000000 0.000000 0.000000 0.000000 0.000000 0.000000 0.000000 0.000000 0.000000 0.000000 0.000000 0.000000 0.000000 0.000000 0.000000 0.000000 0.000000 0.000000 0.000000 0.000000 0.000000 0.000000 0.000000 0.000000 0.000000 0.000000 0.000000 0.000000 0.000000 0.000000 
0.000000 0.000000 0.000000 0.000000 0.000000 0.000000 0.000000 0.000000 0.000000 0.000000 0.000000 0.000000 0.000000 0.000000 0.000000 0.000000 0.000000 0.000000 0.000000 0.000000 0.000000 0.000000 0.000000 0.000000 0.000000 0.000000 0.000000 0.000000 0.000000 0.000000 0.000000 0.000000 0.000000 0.000000 0.000000 0.000000 0.000000 0.000000 0.000000 0.000000 
0.000000 0.000000 0.000000 0.000000 0.000000 0.000000 0.000000 0.000000 0.000000 0.000000 0.000000 0.000000 0.000000 0.000000 0.000000 0.000000 0.000000 0.000000 0.000000 0.000000 0.000000 0.000000 0.000000 0.000000 0.000000 0.000000 0.000000 0.000000 0.000000 0.000000 0.000000 0.000000 0.000000 0.000000 0.000000 0.000000 0.000000 0.000000 0.000000 0.000000 
0.000000 0.000000 0.000000 0.000000 0.000000 0.000000 0.000000 0.000000 0.000000 0.000000 0.000000 0.000000 0.000000 0.000000 0.000000 0.000000 0.000000 0.000000 0.000000 0.000000 0.000000 0.000000 0.000000 0.000000 0.000000 0.000000 0.000000 0.000000 0.000000 0.000000 0.000000 0.000000 0.000000 0.000000 0.000000 0.000000 0.000000 0.000000 0.000000 0.000000 
0.000000 0.000000 0.000000 0.000000 0.000000 0.000000 0.000000 0.000000 0.000000 0.000000 0.000000 0.000000 0.000000 0.000000 0.000000 0.000000 0.000000 0.000000 0.000000 0.000000 0.000000 0.000000 0.000000 0.000000 0.000000 0.000000 0.000000 0.000000 0.000000 0.000000 0.000000 0.000000 0.000000 0.000000 0.000000 0.000000 0.000000 0.000000 0.000000 0.000000 
0.000000 0.000000 0.000000 0.000000 0.000000 0.000000 0.000000 0.000000 0.000000 0.000000 0.000040 0.000040 0.000040 0.000040 0.000040 0.000040 0.000040 0.000040 0.000040 0.000040 0.000040 0.000040 0.000040 0.000040 0.000040 0.000040 0.000040 0.000040 0.000040 0.000040 0.000040 0.000040 0.000040 0.000040 0.000040 0.000040 0.000040 0.000040 0.000040 0.000040 
0.000000 0.000000 0.000000 0.000000 0.000000 0.000000 0.000000 0.000000 0.000000 0.000000 0.000040 0.000080 0.000120 0.000160 0.000200 0.000240 0.000280 0.000320 0.000360 0.000400 0.000440 0.000480 0.000520 0.000560 0.000600 0.000640 0.000680 0.000720 0.000760 0.000800 0.000840 0.000880 0.000920 0.000960 0.001000 0.001040 0.001080 0.001120 0.001160 0.001200 
0.000000 0.000000 0.000000 0.000000 0.000000 0.000000 0.000000 0.000000 0.000000 0.000000 0.000040 0.000120 0.000240 0.000400 0.000600 0.000840 0.001120 0.001440 0.001800 0.002200 0.002640 0.003120 0.003640 0.004200 0.004800 0.005440 0.006120 0.006840 0.007600 0.008400 0.009240 0.010120 0.011040 0.012000 0.013000 0.014040 0.015120 0.016240 0.017400 0.018600 
0.000000 0.000000 0.000000 0.000000 0.000000 0.000000 0.000000 0.000000 0.000000 0.000000 0.000040 0.000160 0.000400 0.000840 0.001440 0.002280 0.003400 0.004840 0.006640 0.008840 0.011480 0.014600 0.018240 0.022440 0.027240 0.032680 0.038800 0.045640 0.053240 0.061640 0.070880 0.081000 0.092040 0.104040 0.117040 0.131080 0.146200 0.162440 0.179840 0.198439 
0.000000 0.000000 0.000000 0.000000 0.000000 0.000000 0.000000 0.000000 0.000000 0.000000 0.000040 0.000200 0.000600 0.001440 0.002880 0.005160 0.008560 0.013400 0.020040 0.028880 0.040360 0.054960 0.073200 0.095640 0.122880 0.155560 0.194360 0.240000 0.293239 0.354879 0.425759 0.506759 0.598799 0.702838 0.819878 0.950958 1.097157 1.259597 1.439436 1.637876 
0.000000 0.000000 0.000000 0.000000 0.000000 0.000000 0.000000 0.000000 0.000000 0.000000 0.000040 0.000240 0.000840 0.002280 0.005160 0.010320 0.018880 0.032280 0.052320 0.081200 0.121560 0.176520 0.249720 0.345359 0.468239 0.623799 0.818159 1.058158 1.351397 1.706277 2.132035 2.638794 3.237593 3.940431 4.760309 5.711266 6.808423 8.068019 9.507455 11.145329 
0.000000 0.000000 0.000000 0.000000 0.000000 0.000000 0.000000 0.000000 0.000000 0.000000 0.000040 0.000280 0.001120 0.003400 0.008560 0.018880 0.037760 0.070040 0.122360 0.203560 0.325120 0.501639 0.751359 1.096718 1.564957 2.188756 3.006914 4.065072 5.416469 7.122745 9.254780 11.893573 15.131165 19.071594 23.831900 29.543165 36.351585 44.419601 53.927052 65.072380 
0.000000 0.000000 0.000000 0.000000 0.000000 0.000000 0.000000 0.000000 0.000000 0.000000 0.000040 0.000320 0.001440 0.004840 0.013400 0.032280 0.070040 0.140080 0.262440 0.465999 0.791119 1.292758 2.044117 3.140835 4.705792 6.894547 9.901462 13.966533 19.383001 26.505743 35.760521 47.654091 62.785248 81.856834 105.688721 135.231873 171.583450 216.003036 269.930054 335.002411 
0.000000 0.000000 0.000000 0.000000 0.000000 0.000000 0.000000 0.000000 0.000000 0.000000 0.000040 0.000360 0.001800 0.006640 0.020040 0.052320 0.122360 0.262440 0.524879 0.990879 1.781997 3.074755 5.118871 8.259706 12.965497 19.860044 29.761503 43.728031 63.111031 89.616768 125.377281 173.031357 235.816574 317.673401 423.362061 558.593933 730.177307 946.180298 1216.110229 1551.112549 
0.000000 0.000000 0.000000 0.000000 0.000000 0.000000 0.000000 0.000000 0.000000 0.000000 0.000040 0.000400 0.002200 0.008840 0.028880 0.081200 0.203560 0.465999 0.990879 1.981757 3.763754 6.838509 11.957378 20.217083 33.182579 53.042622 82.804123 126.532143 189.643158 279.259888 404.637146 577.668457 813.484985 1131.158325 1554.520264 2113.114014 2843.291016 3789.471191 5005.581055 6556.692871 
0.000000 0.000000 0.000000 0.000000 0.000000 0.000000 0.000000 0.000000 0.000000 0.000000 0.000040 0.000440 0.002640 0.011480 0.040360 0.121560 0.325120 0.791119 1.781997 3.763754 7.527507 14.366014 26.323393 46.540474 79.723045 132.765656 215.569748 342.101868 531.744995 811.004822 1215.641968 1793.310181 2606.794922 3737.952881 5292.472656 7405.585938 10248.875977 14038.345703 19043.925781 25600.615234 
0.000000 0.000000 0.000000 0.000000 0.000000 0.000000 0.000000 0.000000 0.000000 0.000000 0.000040 0.000480 0.003120 0.014600 0.054960 0.176520 0.501639 1.292758 3.074755 6.838509 14.366014 28.732025 55.055416 101.595879 181.318909 314.084564 529.654236 871.756042 1403.500854 2214.505615 3430.147217 5223.457031 7830.251465 11568.203125 16860.673828 24266.257812 34515.132812 48553.476562 67597.398438 93198.007812 
0.000000 0.000000 0.000000 0.000000 0.000000 0.000000 0.000000 0.000000 0.000000 0.000000 0.000040 0.000520 0.003640 0.018240 0.073200 0.249720 0.751359 2.044117 5.118871 11.957378 26.323393 55.055416 110.110832 211.706696 393.025574 707.110046 1236.764160 2108.520020 3512.020752 5726.525879 9156.671875 14380.127930 22210.376953 33778.578125 50639.246094 74905.492188 109420.617188 157974.078125 225571.453125 318769.437500 
0.000000 0.000000 0.000000 0.000000 0.000000 0.000000 0.000000 0.000000 0.000000 0.000000 0.000040 0.000560 0.004200 0.022440 0.095640 0.345359 1.096718 3.140835 8.259706 20.217083 46.540474 101.595879 211.706696 423.413330 816.438843 1523.548706 2760.312744 4868.832520 8380.852539 14107.376953 23264.046875 37644.171875 59854.542969 93633.117188 144272.359375 219177.828125 328598.437500 486572.468750 712143.875000 1030913.187500 
0.000000 0.000000 0.000000 0.000000 0.000000 0.000000 0.000000 0.000000 0.000000 0.000000 0.000040 0.000600 0.004800 0.027240 0.122880 0.468239 1.564957 4.705792 12.965497 33.182579 79.723045 181.318909 393.025574 816.438843 1632.877563 3156.426025 5916.738281 10785.569336 19166.419922 33273.792969 56537.839844 94182.000000 154036.531250 247669.625000 391941.968750 611119.750000 939718.125000 1426290.500000 2138434.250000 3169347.250000 
0.000000 0.000000 0.000000 0.000000 0.000000 0.000000 0.000000 0.000000 0.000000 0.000000 0.000040 0.000640 0.005440 0.032680 0.155560 0.623799 2.188756 6.894547 19.860044 53.042622 132.765656 314.084564 707.110046 1523.548706 3156.426025 6312.851562 12229.588867 23015.156250 42181.574219 75455.367188 131993.203125 226175.171875 380211.687500 627881.250000 1019823.125000 1630942.750000 2570660.750000 3996950.750000 6135384.500000 9304731.000000 
0.000000 0.000000 0.000000 0.000000 0.000000 0.000000 0.000000 0.000000 0.000000 0.000000 0.000040 0.000680 0.006120 0.038800 0.194360 0.818159 3.006914 9.901462 29.761503 82.804123 215.569748 529.654236 1236.764160 2760.312744 5916.738281 12229.588867 24459.175781 47474.328125 89655.898438 165111.250000 297104.437500 523279.562500 903491.187500 1531372.375000 2551195.250000 4182137.750000 6752797.500000 10749747.000000 16885130.000000 26189860.000000 
0.000000 0.000000 0.000000 0.000000 0.000000 0.000000 0.000000 0.000000 0.000000 0.000000 0.000040 0.000720 0.006840 0.045640 0.240000 1.058158 4.065072 13.966533 43.728031 126.532143 342.101868 871.756042 2108.520020 4868.832520 10785.569336 23015.156250 47474.328125 94948.648438 184604.531250 349715.750000 646820.187500 1170099.625000 2073590.625000 3604962.750000 6156157.500000 10338295.000000 17091092.000000 27840836.000000 44725964.000000 70915816.000000 
0.000000 0.000000 0.000000 0.000000 0.000000 0.000000 0.000000 0.000000 0.000000 0.000000 0.000040 0.000760 0.007600 0.053240 0.293239 1.351397 5.416469 19.383001 63.111031 189.643158 531.744995 1403.500854 3512.020752 8380.852539 19166.419922 42181.574219 89655.898438 184604.531250 369209.031250 718924.687500 1365744.750000 2535844.250000 4609434.500000 8214397.000000 14370554.000000 24708846.000000 41799932.000000 69640760.000000 114366712.000000 185282512.000000 
0.000000 0.000000 0.000000 0.000000 0.000000 0.000000 0.000000 0.000000 0.000000 0.000000 0.000040 0.000800 0.008400 0.061640 0.354879 1.706277 7.122745 26.505743 89.616768 279.259888 811.004822 2214.505615 5726.525879 14107.376953 33273.792969 75455.367188 165111.250000 349715.750000 718924.687500 1437849.250000 2803593.750000 5339437.500000 9948871.000000 18163266.000000 32533818.000000 57242656.000000 99042584.000000 168683328.000000 283050016.000000 468332512.000000 
0.000000 0.000000 0.000000 0.000000 0.000000 0.000000 0.000000 0.000000 0.000000 0.000000 0.000040 0.000840 0.009240 0.070880 0.425759 2.132035 9.254780 35.760521 125.377281 404.637146 1215.641968 3430.147217 9156.671875 23264.046875 56537.839844 131993.203125 297104.437500 646820.187500 1365744.750000 2803593.750000 5607187.000000 10946623.000000 20895494.000000 39058756.000000 71592568.000000 128835216.000000 227877792.000000 396561088.000000 679611072.000000 1147943424.000000 
0.000000 0.000000 0.000000 0.000000 0.000000 0.000000 0.000000 0.000000 0.000000 0.000000 0.000040 0.000880 0.010120 0.081000 0.506759 2.638794 11.893573 47.654091 173.031357 577.668457 1793.310181 5223.457031 14380.127930 37644.171875 94182.000000 226175.171875 523279.562500 1170099.625000 2535844.250000 5339437.500000 10946623.000000 21893244.000000 42788732.000000 81847480.000000 153440048.000000 282275232.000000 510152960.000000 906714048.000000 1586324992.000000 2734268160.000000 
0.000000 0.000000 0.000000 0.000000 0.000000 0.000000 0.000000 0.000000 0.000000 0.000000 0.000040 0.000920 0.011040 0.092040 0.598799 3.237593 15.131165 62.785248 235.816574 813.484985 2606.794922 7830.251465 22210.376953 59854.542969 154036.531250 380211.687500 903491.187500 2073590.625000 4609434.500000 9948871.000000 20895494.000000 42788732.000000 85577456.000000 167424928.000000 320864960.000000 603140160.000000 1113293056.000000 2020006912.000000 3606331392.000000 6340599296.000000 
0.000000 0.000000 0.000000 0.000000 0.000000 0.000000 0.000000 0.000000 0.000000 0.000000 0.000040 0.000960 0.012000 0.104040 0.702838 3.940431 19.071594 81.856834 317.673401 1131.158325 3737.952881 11568.203125 33778.578125 93633.117188 247669.625000 627881.250000 1531372.375000 3604962.750000 8214397.000000 18163266.000000 39058756.000000 81847480.000000 167424928.000000 334849824.000000 655714752.000000 1258854784.000000 2372147712.000000 4392154624.000000 7998485504.000000 14339083264.000000 
0.000000 0.000000 0.000000 0.000000 0.000000 0.000000 0.000000 0.000000 0.000000 0.000000 0.000040 0.001000 0.013000 0.117040 0.819878 4.760309 23.831900 105.688721 423.362061 1554.520264 5292.472656 16860.673828 50639.246094 144272.359375 391941.968750 1019823.125000 2551195.250000 6156157.500000 14370554.000000 32533818.000000 71592568.000000 153440048.000000 320864960.000000 655714752.000000 1311429504.000000 2570284032.000000 4942431744.000000 9334586368.000000 17333069824.000000 31672150016.000000 
0.000000 0.000000 0.000000 0.000000 0.000000 0.000000 0.000000 0.000000 0.000000 0.000000 0.000040 0.001040 0.014040 0.131080 0.950958 5.711266 29.543165 135.231873 558.593933 2113.114014 7405.585938 24266.257812 74905.492188 219177.828125 611119.750000 1630942.750000 4182137.750000 10338295.000000 24708846.000000 57242656.000000 128835216.000000 282275232.000000 603140160.000000 1258854784.000000 2570284032.000000 5140567552.000000 10082999296.000000 19417585664.000000 36750651392.000000 68422795264.000000 
0.000000 0.000000 0.000000 0.000000 0.000000 0.000000 0.000000 0.000000 0.000000 0.000000 0.000040 0.001080 0.015120 0.146200 1.097157 6.808423 36.351585 171.583450 730.177307 2843.291016 10248.875977 34515.132812 109420.617188 328598.437500 939718.125000 2570660.750000 6752797.500000 17091092.000000 41799932.000000 99042584.000000 227877792.000000 510152960.000000 1113293056.000000 2372147712.000000 4942431744.000000 10082999296.000000 20165998592.000000 39583580160.000000 76334227456.000000 144757014528.000000 
0.000000 0.000000 0.000000 0.000000 0.000000 0.000000 0.000000 0.000000 0.000000 0.000000 0.000040 0.001120 0.016240 0.162440 1.259597 8.068019 44.419601 216.003036 946.180298 3789.471191 14038.345703 48553.476562 157974.078125 486572.468750 1426290.500000 3996950.750000 10749747.000000 27840836.000000 69640760.000000 168683328.000000 396561088.000000 906714048.000000 2020006912.000000 4392154624.000000 9334586368.000000 19417585664.000000 39583580160.000000 79167152128.000000 155501379584.000000 300258394112.000000 
0.000000 0.000000 0.000000 0.000000 0.000000 0.000000 0.000000 0.000000 0.000000 0.000000 0.000040 0.001160 0.017400 0.179840 1.439436 9.507455 53.927052 269.930054 1216.110229 5005.581055 19043.925781 67597.398438 225571.453125 712143.875000 2138434.250000 6135384.500000 16885130.000000 44725964.000000 114366712.000000 283050016.000000 679611072.000000 1586324992.000000 3606331392.000000 7998485504.000000 17333069824.000000 36750651392.000000 76334227456.000000 155501379584.000000 311002759168.000000 611261087744.000000 
0.000000 0.000000 0.000000 0.000000 0.000000 0.000000 0.000000 0.000000 0.000000 0.000000 0.000040 0.001200 0.018600 0.198439 1.637876 11.145329 65.072380 335.002411 1551.112549 6556.692871 25600.615234 93198.007812 318769.437500 1030913.187500 3169347.250000 9304731.000000 26189860.000000 70915816.000000 185282512.000000 468332512.000000 1147943424.000000 2734268160.000000 6340599296.000000 14339083264.000000 31672150016.000000 68422795264.000000 144757014528.000000 300258394112.000000 611261087744.000000 1222522044416.000000 


0.000000 0.000000 0.000000 0.000000 0.000000 0.000000 0.000000 0.000000 0.000000 0.000000 0.000000 0.000000 0.000000 0.000000 0.000000 0.000000 0.000000 0.000000 0.000000 0.000000 0.000000 0.000000 0.000000 0.000000 0.000000 0.000000 0.000000 0.000000 0.000000 0.000000 0.000000 0.000000 0.000000 0.000000 0.000000 0.000000 0.000000 0.000000 0.000000 0.000000 
0.000000 0.000000 0.000000 0.000000 0.000000 0.000000 0.000000 0.000000 0.000000 0.000000 0.000000 0.000000 0.000000 0.000000 0.000000 0.000000 0.000000 0.000000 0.000000 0.000000 0.000000 0.000000 0.000000 0.000000 0.000000 0.000000 0.000000 0.000000 0.000000 0.000000 0.000000 0.000000 0.000000 0.000000 0.000000 0.000000 0.000000 0.000000 0.000000 0.000000 
0.000000 0.000000 0.000000 0.000000 0.000000 0.000000 0.000000 0.000000 0.000000 0.000000 0.000000 0.000000 0.000000 0.000000 0.000000 0.000000 0.000000 0.000000 0.000000 0.000000 0.000000 0.000000 0.000000 0.000000 0.000000 0.000000 0.000000 0.000000 0.000000 0.000000 0.000000 0.000000 0.000000 0.000000 0.000000 0.000000 0.000000 0.000000 0.000000 0.000000 
0.000000 0.000000 0.000000 0.000000 0.000000 0.000000 0.000000 0.000000 0.000000 0.000000 0.000000 0.000000 0.000000 0.000000 0.000000 0.000000 0.000000 0.000000 0.000000 0.000000 0.000000 0.000000 0.000000 0.000000 0.000000 0.000000 0.000000 0.000000 0.000000 0.000000 0.000000 0.000000 0.000000 0.000000 0.000000 0.000000 0.000000 0.000000 0.000000 0.000000 
0.000000 0.000000 0.000000 0.000000 0.000000 0.000000 0.000000 0.000000 0.000000 0.000000 0.000000 0.000000 0.000000 0.000000 0.000000 0.000000 0.000000 0.000000 0.000000 0.000000 0.000000 0.000000 0.000000 0.000000 0.000000 0.000000 0.000000 0.000000 0.000000 0.000000 0.000000 0.000000 0.000000 0.000000 0.000000 0.000000 0.000000 0.000000 0.000000 0.000000 
0.000000 0.000000 0.000000 0.000000 0.000000 0.000000 0.000000 0.000000 0.000000 0.000000 0.000000 0.000000 0.000000 0.000000 0.000000 0.000000 0.000000 0.000000 0.000000 0.000000 0.000000 0.000000 0.000000 0.000000 0.000000 0.000000 0.000000 0.000000 0.000000 0.000000 0.000000 0.000000 0.000000 0.000000 0.000000 0.000000 0.000000 0.000000 0.000000 0.000000 
0.000000 0.000000 0.000000 0.000000 0.000000 0.000000 0.000000 0.000000 0.000000 0.000000 0.000000 0.000000 0.000000 0.000000 0.000000 0.000000 0.000000 0.000000 0.000000 0.000000 0.000000 0.000000 0.000000 0.000000 0.000000 0.000000 0.000000 0.000000 0.000000 0.000000 0.000000 0.000000 0.000000 0.000000 0.000000 0.000000 0.000000 0.000000 0.000000 0.000000 
0.000000 0.000000 0.000000 0.000000 0.000000 0.000000 0.000000 0.000000 0.000000 0.000000 0.000000 0.000000 0.000000 0.000000 0.000000 0.000000 0.000000 0.000000 0.000000 0.000000 0.000000 0.000000 0.000000 0.000000 0.000000 0.000000 0.000000 0.000000 0.000000 0.000000 0.000000 0.000000 0.000000 0.000000 0.000000 0.000000 0.000000 0.000000 0.000000 0.000000 
0.000000 0.000000 0.000000 0.000000 0.000000 0.000000 0.000000 0.000000 0.000000 0.000000 0.000000 0.000000 0.000000 0.000000 0.000000 0.000000 0.000000 0.000000 0.000000 0.000000 0.000000 0.000000 0.000000 0.000000 0.000000 0.000000 0.000000 0.000000 0.000000 0.000000 0.000000 0.000000 0.000000 0.000000 0.000000 0.000000 0.000000 0.000000 0.000000 0.000000 
0.000000 0.000000 0.000000 0.000000 0.000000 0.000000 0.000000 0.000000 0.000000 0.000000 0.000040 0.000080 0.000120 0.000160 0.000200 0.000240 0.000280 0.000320 0.000360 0.000400 0.000440 0.000480 0.000520 0.000560 0.000600 0.000640 0.000680 0.000720 0.000760 0.000800 0.000840 0.000880 0.000920 0.000960 0.001000 0.001040 0.001080 0.001120 0.001160 0.001200 
0.000000 0.000000 0.000000 0.000000 0.000000 0.000000 0.000000 0.000000 0.000000 0.000040 0.000079 0.000156 0.000312 0.000549 0.000865 0.001261 0.001738 0.002294 0.002931 0.003647 0.004443 0.005320 0.006276 0.007313 0.008429 0.009625 0.010902 0.012258 0.013695 0.015211 0.016807 0.018484 0.020240 0.022077 0.023993 0.025989 0.028066 0.030222 0.032459 0.034775 
0.000000 0.000000 0.000000 0.000000 0.000000 0.000000 0.000000 0.000000 0.000000 0.000080 0.000156 0.000304 0.000644 0.001297 0.002382 0.004019 0.006329 0.009431 0.013446 0.018493 0.024692 0.032164 0.041029 0.051405 0.063414 0.077176 0.092810 0.110436 0.130175 0.152146 0.176469 0.203265 0.232653 0.264754 0.299687 0.337572 0.378530 0.422680 0.470143 0.520998 
0.000000 0.000000 0.000000 0.000000 0.000000 0.000000 0.000000 0.000000 0.000000 0.000120 0.000312 0.000644 0.001344 0.002841 0.005642 0.010457 0.018154 0.029762 0.046467 0.069620 0.100729 0.141461 0.193645 0.259271 0.340485 0.439596 0.559074 0.701546 0.869800 1.066785 1.295610 1.559543 1.862012 2.206605 2.597071 3.037319 3.531417 4.083592 4.698235 5.378612 
0.000000 0.000000 0.000000 0.000000 0.000000 0.000000 0.000000 0.000000 0.000000 0.000160 0.000549 0.001297 0.002841 0.006000 0.012339 0.024288 0.045303 0.080100 0.134864 0.217440 0.337540 0.506941 0.739682 1.052269 1.463869 1.996517 2.675311 3.528612 4.588247 5.889707 7.472348 9.379590 11.659116 14.363074 17.548278 21.276406 25.614198 30.633663 36.412269 43.012030 
0.000000 0.000000 0.000000 0.000000 0.000000 0.000000 0.000000 0.000000 0.000000 0.000200 0.000865 0.002382 0.005642 0.012339 0.026069 0.053241 0.104288 0.195168 0.349107 0.598579 0.987523 1.573808 2.431931 3.655955 5.362696 7.695135 10.826089 14.962098 20.347578 27.269194 36.060479 47.106708 60.849974 77.794551 98.512467 123.649322 153.930333 190.166686 233.262022 283.979825 
0.000000 0.000000 0.000000 0.000000 0.000000 0.000000 0.000000 0.000000 0.000000 0.000240 0.001261 0.004019 0.010457 0.024288 0.053241 0.112251 0.228051 0.445511 0.835986 1.507965 2.620292 4.398248 7.152766 11.303063 17.402972 26.171242 38.526109 55.624381 78.905368 110.139878 151.484605 205.542206 275.427229 364.838319 478.136957 620.432885 797.676648 1016.759486 1285.620736 1611.267644 
0.000000 0.000000 0.000000 0.000000 0.000000 0.000000 0.000000 0.000000 0.000000 0.000280 0.001738 0.006329 0.018154 0.045303 0.104288 0.228051 0.479126 0.969952 1.892622 3.560671 6.465850 11.353132 19.317517 31.926543 51.372689 80.660245 123.831446 186.237100 274.857112 398.676975 569.125813 800.583148 1110.960510 1522.365540 2061.855337 2762.287794 3663.277367 4812.265793 6265.714649 8075.332634 
0.000000 0.000000 0.000000 0.000000 0.000000 0.000000 0.000000 0.000000 0.000000 0.000320 0.002294 0.009431 0.029762 0.080100 0.195168 0.445511 0.969952 2.030536 4.100473 7.998543 15.086679 27.551129 48.791584 83.947025 140.591794 229.640428 366.505343 572.557170 876.943609 1318.829962 1950.129417 2838.801308 4072.800629 5764.771385 8057.584717 11130.829529 15208.376419 20567.141708 27547.183960 36470.119598 
0.000000 0.000000 0.000000 0.000000 0.000000 0.000000 0.000000 0.000000 0.000000 0.000360 0.002931 0.013446 0.046467 0.134864 0.349107 0.835986 1.892622 4.100473 8.555578 17.246150 33.647146 63.623908 116.764066 208.288575 361.729901 612.608274 1013.385099 1640.028446 2600.587593 4046.242256 6185.369957 9301.257919 13774.184738 20108.687073 28966.959717 41209.433777 57943.728088 80583.289673 110917.211792 150686.675049 
0.000000 0.000000 0.000000 0.000000 0.000000 0.000000 0.000000 0.000000 0.000000 0.000400 0.003647 0.018493 0.069620 0.217440 0.598579 1.507965 3.560671 7.998543 17.246150 35.876357 72.221876 140.969780 267.206417 492.545025 884.174461 1547.920185 2646.714279 4426.237709 7249.936127 11646.113403 18370.418396 28487.695801 43478.027954 65372.591919 96926.121826 141833.770264 205001.634766 292881.471191 413881.987305 576400.192871 
0.000000 0.000000 0.000000 0.000000 0.000000 0.000000 0.000000 0.000000 0.000000 0.000440 0.004443 0.024692 0.100729 0.337540 0.987523 2.620292 6.465850 15.086679 33.647146 72.221876 149.840496 301.331041 588.530790 1118.119209 2069.236717 3735.237579 6585.441330 11354.663391 19170.694214 31732.838806 51558.220093 82316.896118 129282.052734 199927.640381 304713.316406 458104.898438 679888.438477 996848.345703 1444892.050781 2060728.740234 
0.000000 0.000000 0.000000 0.000000 0.000000 0.000000 0.000000 0.000000 0.000000 0.000480 0.005320 0.032164 0.141461 0.506941 1.573808 4.398248 11.353132 27.551129 63.623908 140.969780 301.331041 623.703583 1253.269283 2449.466484 4663.724182 8662.063080 15714.095642 27878.334167 48424.700073 82449.239990 137754.115967 226088.660156 364875.470215 579580.890625 906931.548828 1399231.507812 2130097.007812 3202000.726562 4756109.898438 6939892.007812 
0.000000 0.000000 0.000000 0.000000 0.000000 0.000000 0.000000 0.000000 0.000000 0.000520 0.006276 0.041029 0.193645 0.739682 2.431931 7.152766 19.317517 48.791584 116.764066 267.206417 588.530790 1253.269283 2588.608147 5198.222321 10167.115417 19397.449890 36146.408691 65869.180176 117513.981689 205475.025879 352487.609375 593852.377930 983508.751953 1602648.203125 2571775.746094 4067398.242188 6344863.617188 9769288.078125 14857038.453125 22158425.437500 
0.000000 0.000000 0.000000 0.000000 0.000000 0.000000 0.000000 0.000000 0.000000 0.000560 0.007313 0.051405 0.259271 1.052269 3.655955 11.303063 31.926543 83.947025 208.288575 492.545025 1118.119209 2449.466484 5198.222321 10716.740479 21509.319702 42100.505737 80475.508057 150417.707520 275224.821289 493504.783203 868055.734375 1499247.546875 2544876.792969 4249203.867188 6984854.859375 11312519.828125 18065016.437500 28464360.468750 44283095.875000 67445949.187500 
0.000000 0.000000 0.000000 0.000000 0.000000 0.000000 0.000000 0.000000 0.000000 0.000600 0.008429 0.063414 0.340485 1.463869 5.362696 17.402972 51.372689 140.591794 361.729901 884.174461 2069.236717 4663.724182 10167.115417 21509.319702 44269.568970 88814.738525 173963.503906 333127.506836 624391.732422 1146740.792969 2065704.339844 3653199.000000 6348443.531250 10849693.625000 18250469.968750 30239175.750000 49388014.125000 79566258.500000 126524922.250000 196619955.250000 
0.000000 0.000000 0.000000 0.000000 0.000000 0.000000 0.000000 0.000000 0.000000 0.000640 0.009625 0.077176 0.439596 1.996517 7.695135 26.171242 80.660245 229.640428 612.608274 1547.920185 3735.237579 8662.063080 19397.449890 42100.505737 88814.738525 182518.804688 366044.870117 717481.281250 1376221.324219 2586154.617188 4765959.203125 8621506.171875 15322664.687500 26777119.250000 46048275.125000 77984326.750000 130153036.750000 214213862.750000 347908920.500000 551178715.000000 
0.000000 0.000000 0.000000 0.000000 0.000000 0.000000 0.000000 0.000000 0.000000 0.000680 0.010902 0.092810 0.559074 2.675311 10.826089 38.526109 123.831446 366.505343 1013.385099 2646.714279 6585.441330 15714.095642 36146.408691 80475.508057 173963.503906 366044.870117 751214.863281 1506130.078125 2954133.648438 5675263.250000 10690297.437500 19763225.562500 35890027.187500 64076048.375000 112553907.250000 194664681.750000 331724861.500000 557340467.000000 923821194.000000 1490916900.000000 
0.000000 0.000000 0.000000 0.000000 0.000000 0.000000 0.000000 0.000000 0.000000 0.000720 0.012258 0.110436 0.701546 3.528612 14.962098 55.624381 186.237100 572.557170 1640.028446 4426.237709 11354.663391 27878.334167 65869.180176 150417.707520 333127.506836 717481.281250 1506130.078125 3087128.148438 6187912.031250 12144800.750000 23365798.187500 44111147.625000 81787438.625000 149058658.750000 267237309.500000 471653175.000000 820036308.000000 1405436868.000000 2375889868.000000 3903165672.000000 
0.000000 0.000000 0.000000 0.000000 0.000000 0.000000 0.000000 0.000000 0.000000 0.000760 0.013695 0.130175 0.869800 4.588247 20.347578 78.905368 274.857112 876.943609 2600.587593 7249.936127 19170.694214 48424.700073 117513.981689 275224.821289 624391.732422 1376221.324219 2954133.648438 6187912.031250 12669124.031250 25388850.687500 49860276.750000 96059172.250000 181720618.500000 337848445.000000 617779642.000000 1111877870.000000 1971017596.000000 3443617848.000000 5933303032.000000 9915707344.000000 
0.000000 0.000000 0.000000 0.000000 0.000000 0.000000 0.000000 0.000000 0.000000 0.000800 0.015211 0.152146 1.066785 5.889707 27.269194 110.139878 398.676975 1318.829962 4046.242256 11646.113403 31732.838806 82449.239990 205475.025879 493504.783203 1146740.792969 2586154.617188 5675263.250000 12144800.750000 25388850.687500 51927553.250000 104043305.750000 204445709.500000 394383559.000000 747518402.000000 1393278394.000000 2555581728.000000 4616128280.000000 8216438592.000000 14420229152.000000 24500379616.000000 
0.000000 0.000000 0.000000 0.000000 0.000000 0.000000 0.000000 0.000000 0.000000 0.000840 0.016807 0.176469 1.295610 7.472348 36.060479 151.484605 569.125813 1950.129417 6185.369957 18370.418396 51558.220093 137754.115967 352487.609375 868055.734375 2065704.339844 4765959.203125 10690297.437500 23365798.187500 49860276.750000 104043305.750000 212597555.000000 425897439.000000 837352390.000000 1617228612.000000 3070845048.000000 5737190544.000000 10553611168.000000 19127032512.000000 34174732992.000000 58998692352.000000 
0.000000 0.000000 0.000000 0.000000 0.000000 0.000000 0.000000 0.000000 0.000000 0.000880 0.018484 0.203265 1.559543 9.379590 47.106708 205.542206 800.583148 2838.801308 9301.257919 28487.695801 82316.896118 226088.660156 593852.377930 1499247.546875 3653199.000000 8621506.171875 19763225.562500 44111147.625000 96059172.250000 204445709.500000 425897439.000000 869503228.000000 1741635452.000000 3426001592.000000 6624322352.000000 12599751072.000000 23591893248.000000 43514440640.000000 79112160768.000000 138709483264.000000 
0.000000 0.000000 0.000000 0.000000 0.000000 0.000000 0.000000 0.000000 0.000000 0.000920 0.020240 0.232653 1.862012 11.659116 60.849974 275.427229 1110.960510 4072.800629 13774.184738 43478.027954 129282.052734 364875.470215 983508.751953 2544876.792969 6348443.531250 15322664.687500 35890027.187500 81787438.625000 181720618.500000 394383559.000000 837352390.000000 1741635452.000000 3552830448.000000 7115529120.000000 14004024000.000000 27106185280.000000 51639021824.000000 96889912320.000000 179161513984.000000 318894792192.000000 
0.000000 0.000000 0.000000 0.000000 0.000000 0.000000 0.000000 0.000000 0.000000 0.000960 0.022077 0.264754 2.206605 14.363074 77.794551 364.838319 1522.365540 5764.771385 20108.687073 65372.591919 199927.640381 579580.890625 1602648.203125 4249203.867188 10849693.625000 26777119.250000 64076048.375000 149058658.750000 337848445.000000 747518402.000000 1617228612.000000 3426001592.000000 7115529120.000000 14504451872.000000 29046041024.000000 57192200576.000000 110812142080.000000 211419428352.000000 397457765376.000000 717912607744.000000 
0.000000 0.000000 0.000000 0.000000 0.000000 0.000000 0.000000 0.000000 0.000000 0.001000 0.023993 0.299687 2.597071 17.548278 98.512467 478.136957 2061.855337 8057.584717 28966.959717 96926.121826 304713.316406 906931.548828 2571775.746094 6984854.859375 18250469.968750 46048275.125000 112553907.250000 267237309.500000 617779642.000000 1393278394.000000 3070845048.000000 6624322352.000000 14004024000.000000 29046041024.000000 59167216512.000000 118474533888.000000 233382708736.000000 452615535616.000000 864763488256.000000 1584587253760.000000 
0.000000 0.000000 0.000000 0.000000 0.000000 0.000000 0.000000 0.000000 0.000000 0.001040 0.025989 0.337572 3.037319 21.276406 123.649322 620.432885 2762.287794 11130.829529 41209.433777 141833.770264 458104.898438 1399231.507812 4067398.242188 11312519.828125 30239175.750000 77984326.750000 194664681.750000 471653175.000000 1111877870.000000 2555581728.000000 5737190544.000000 12599751072.000000 27106185280.000000 57192200576.000000 118474533888.000000 241179284992.000000 482888244224.000000 951643396096.000000 1847236653056.000000 3432892661760.000000 
0.000000 0.000000 0.000000 0.000000 0.000000 0.000000 0.000000 0.000000 0.000000 0.001080 0.028066 0.378530 3.531417 25.614198 153.930333 797.676648 3663.277367 15208.376419 57943.728088 205001.634766 679888.438477 2130097.007812 6344863.617188 18065016.437500 49388014.125000 130153036.750000 331724861.500000 820036308.000000 1971017596.000000 4616128280.000000 10553611168.000000 23591893248.000000 51639021824.000000 110812142080.000000 233382708736.000000 482888244224.000000 982429054976.000000 1966864695296.000000 3877723168768.000000 7306883940352.000000 
0.000000 0.000000 0.000000 0.000000 0.000000 0.000000 0.000000 0.000000 0.000000 0.001120 0.030222 0.422680 4.083592 30.633663 190.166686 1016.759486 4812.265793 20567.141708 80583.289673 292881.471191 996848.345703 3202000.726562 9769288.078125 28464360.468750 79566258.500000 214213862.750000 557340467.000000 1405436868.000000 3443617848.000000 8216438592.000000 19127032512.000000 43514440640.000000 96889912320.000000 211419428352.000000 452615535616.000000 951643396096.000000 1966864695296.000000 3999313616896.000000 8006242844672.000000 15293843472384.000000 
0.000000 0.000000 0.000000 0.000000 0.000000 0.000000 0.000000 0.000000 0.000000 0.001160 0.032459 0.470143 4.698235 36.412269 233.262022 1285.620736 6265.714649 27547.183960 110917.211792 413881.987305 1444892.050781 4756109.898438 14857038.453125 44283095.875000 126524922.250000 347908920.500000 923821194.000000 2375889868.000000 5933303032.000000 14420229152.000000 34174732992.000000 79112160768.000000 179161513984.000000 397457765376.000000 864763488256.000000 1847236653056.000000 3877723168768.000000 8006242844672.000000 16270897807360.000000 31503612379136.000000 
0.000000 0.000000 0.000000 0.000000 0.000000 0.000000 0.000000 0.000000 0.000000 0.001200 0.034775 0.520998 5.378612 43.012030 283.979825 1611.267644 8075.332634 36470.119598 150686.675049 576400.192871 2060728.740234 6939892.007812 22158425.437500 67445949.187500 196619955.250000 551178715.000000 1490916900.000000 3903165672.000000 9915707344.000000 24500379616.000000 58998692352.000000 138709483264.000000 318894792192.000000 717912607744.000000 1584587253760.000000 3432892661760.000000 7306883940352.000000 15293843472384.000000 31503612379136.000000 61662442684416.000000 


0.000000 0.000000 0.000000 0.000000 0.000000 0.000000 0.000000 0.000000 0.000000 0.000000 0.000000 0.000000 0.000000 0.000000 0.000000 0.000000 0.000000 0.000000 0.000000 0.000000 0.000000 0.000000 0.000000 0.000000 0.000000 0.000000 0.000000 0.000000 0.000000 0.000000 0.000000 0.000000 0.000000 0.000000 0.000000 0.000000 0.000000 0.000000 0.000000 0.000000 
0.000000 0.000000 0.000000 0.000000 0.000000 0.000000 0.000000 0.000000 0.000000 0.000000 0.000000 0.000000 0.000000 0.000000 0.000000 0.000000 0.000000 0.000000 0.000000 0.000000 0.000000 0.000000 0.000000 0.000000 0.000000 0.000000 0.000000 0.000000 0.000000 0.000000 0.000000 0.000000 0.000000 0.000000 0.000000 0.000000 0.000000 0.000000 0.000000 0.000000 
0.000000 0.000000 0.000000 0.000000 0.000000 0.000000 0.000000 0.000000 0.000000 0.000000 0.000000 0.000000 0.000000 0.000000 0.000000 0.000000 0.000000 0.000000 0.000000 0.000000 0.000000 0.000000 0.000000 0.000000 0.000000 0.000000 0.000000 0.000000 0.000000 0.000000 0.000000 0.000000 0.000000 0.000000 0.000000 0.000000 0.000000 0.000000 0.000000 0.000000 
0.000000 0.000000 0.000000 0.000000 0.000000 0.000000 0.000000 0.000000 0.000000 0.000000 0.000000 0.000000 0.000000 0.000000 0.000000 0.000000 0.000000 0.000000 0.000000 0.000000 0.000000 0.000000 0.000000 0.000000 0.000000 0.000000 0.000000 0.000000 0.000000 0.000000 0.000000 0.000000 0.000000 0.000000 0.000000 0.000000 0.000000 0.000000 0.000000 0.000000 
0.000000 0.000000 0.000000 0.000000 0.000000 0.000000 0.000000 0.000000 0.000000 0.000000 0.000000 0.000000 0.000000 0.000000 0.000000 0.000000 0.000000 0.000000 0.000000 0.000000 0.000000 0.000000 0.000000 0.000000 0.000000 0.000000 0.000000 0.000000 0.000000 0.000000 0.000000 0.000000 0.000000 0.000000 0.000000 0.000000 0.000000 0.000000 0.000000 0.000000 
0.000000 0.000000 0.000000 0.000000 0.000000 0.000000 0.000000 0.000000 0.000000 0.000000 0.000000 0.000000 0.000000 0.000000 0.000000 0.000000 0.000000 0.000000 0.000000 0.000000 0.000000 0.000000 0.000000 0.000000 0.000000 0.000000 0.000000 0.000000 0.000000 0.000000 0.000000 0.000000 0.000000 0.000000 0.000000 0.000000 0.000000 0.000000 0.000000 0.000000 
0.000000 0.000000 0.000000 0.000000 0.000000 0.000000 0.000000 0.000000 0.000000 0.000000 0.000000 0.000000 0.000000 0.000000 0.000000 0.000000 0.000000 0.000000 0.000000 0.000000 0.000000 0.000000 0.000000 0.000000 0.000000 0.000000 0.000000 0.000000 0.000000 0.000000 0.000000 0.000000 0.000000 0.000000 0.000000 0.000000 0.000000 0.000000 0.000000 0.000000 
0.000000 0.000000 0.000000 0.000000 0.000000 0.000000 0.000000 0.000000 0.000000 0.000000 0.000000 0.000000 0.000000 0.000000 0.000000 0.000000 0.000000 0.000000 0.000000 0.000000 0.000000 0.000000 0.000000 0.000000 0.000000 0.000000 0.000000 0.000000 0.000000 0.000000 0.000000 0.000000 0.000000 0.000000 0.000000 0.000000 0.000000 0.000000 0.000000 0.000000 
0.000000 0.000000 0.000000 0.000000 0.000000 0.000000 0.000000 0.000000 0.000000 0.000000 0.000040 0.000121 0.000241 0.000402 0.000602 0.000842 0.001123 0.001443 0.001804 0.002204 0.002644 0.003125 0.003645 0.004206 0.004806 0.005446 0.006127 0.006847 0.007608 0.008408 0.009248 0.010129 0.011049 0.012010 0.013010 0.014050 0.015131 0.016251 0.017412 0.018612 
0.000000 0.000000 0.000000 0.000000 0.000000 0.000000 0.000000 0.000000 0.000000 0.000081 0.000156 0.000304 0.000645 0.001298 0.002384 0.004023 0.006335 0.009440 0.013457 0.018507 0.024711 0.032186 0.041055 0.051437 0.063451 0.077218 0.092858 0.110491 0.130236 0.152214 0.176545 0.203349 0.232746 0.264855 0.299798 0.337693 0.378661 0.422821 0.470295 0.521161 
0.000000 0.000000 0.000000 0.000000 0.000000 0.000000 0.000000 0.000000 0.000040 0.000156 0.000424 0.000862 0.001731 0.003490 0.006835 0.012705 0.022276 0.036965 0.058431 0.088569 0.129517 0.183652 0.253592 0.342193 0.452554 0.588010 0.752140 0.948760 1.181928 1.455941 1.775336 2.144890 2.569621 3.054785 3.605880 4.228643 4.929052 5.713323 6.587913 7.557044 
0.000000 0.000000 0.000000 0.000000 0.000000 0.000000 0.000000 0.000000 0.000121 0.000304 0.000862 0.002069 0.004445 0.009137 0.018251 0.035283 0.065525 0.116462 0.198170 0.323723 0.509587 0.776019 1.147473 1.652994 2.326624 3.207795 4.341734 5.779863 7.580195 9.807738 12.534895 15.841859 19.817019 24.557358 30.168852 36.766867 44.476568 53.433312 63.783013 75.624567 
0.000000 0.000000 0.000000 0.000000 0.000000 0.000000 0.000000 0.000000 0.000241 0.000645 0.001731 0.004445 0.010405 0.022379 0.045934 0.091242 0.175553 0.326321 0.584926 1.010995 1.687324 2.725400 4.271524 6.513533 9.688119 14.088755 20.074214 28.077696 38.616538 52.302557 69.852945 92.101817 120.012311 154.689332 197.392848 249.551830 312.778762 388.884801 479.894127 587.235606 
0.000000 0.000000 0.000000 0.000000 0.000000 0.000000 0.000000 0.000000 0.000402 0.001298 0.003490 0.009137 0.022379 0.050880 0.108922 0.223415 0.442918 0.850960 1.584356 2.857407 4.992821 8.460193 13.922900 22.294222 34.803553 53.073544 79.208987 115.898325 166.528570 235.314558 327.443265 449.234173 608.316220 813.822791 1076.604796 1409.463174 1827.401796 2347.900997 2991.190833 3772.080878 
